{
    "camera_angle_x": 0.6911112070083618,
    "frames": [
        {
            "file_path": "./train/r_0",
            "rotation": 0.031415926535897934,
            "transform_matrix": [
                [
                    -0.9999999403953552,
                    0.0,
                    0.0,
                    0.0
                ],
                [
                    0.0,
                    -0.7341099977493286,
                    0.6790305972099304,
                    2.737260103225708
                ],
                [
                    0.0,
                    0.6790306568145752,
                    0.7341098785400391,
                    2.959291696548462
                ],
                [
                    0.0,
                    0.0,
                    0.0,
                    1.0
                ]
            ]
        },
        {
            "file_path": "./train/r_3",
            "rotation": 0.031415926535897934,
            "transform_matrix": [
                [
                    -0.9822872281074524,
                    0.13747061789035797,
                    -0.1273326426744461,
                    -0.5132942199707031
                ],
                [
                    -0.1873813271522522,
                    -0.72064608335495,
                    0.6675010323524475,
                    2.690782308578491
                ],
                [
                    1.4901158529312397e-08,
                    0.6795374751091003,
                    0.7336408495903015,
                    2.9574005603790283
                ],
                [
                    0.0,
                    0.0,
                    0.0,
                    1.0
                ]
            ]
        },
        {
            "file_path": "./train/r_7",
            "rotation": 0.031415926535897934,
            "transform_matrix": [
                [
                    -0.9048271179199219,
                    0.3107704222202301,
                    -0.2910493314266205,
                    -1.1732574701309204
                ],
                [
                    -0.4257793426513672,
                    -0.6604207754135132,
                    0.6185113191604614,
                    2.4932990074157715
                ],
                [
                    0.0,
                    0.6835686564445496,
                    0.7298861742019653,
                    2.942265510559082
                ],
                [
                    0.0,
                    0.0,
                    0.0,
                    1.0
                ]
            ]
        },
        {
            "file_path": "./train/r_10",
            "rotation": 0.031415926535897934,
            "transform_matrix": [
                [
                    -0.8090169429779053,
                    0.4259108901023865,
                    -0.4050821363925934,
                    -1.632938265800476
                ],
                [
                    -0.5877853631973267,
                    -0.5862159132957458,
                    0.5575476288795471,
                    2.247546434402466
                ],
                [
                    1.4901161193847656e-08,
                    0.6891667246818542,
                    0.7246027588844299,
                    2.9209671020507812
                ],
                [
                    0.0,
                    0.0,
                    0.0,
                    1.0
                ]
            ]
        },
        {
            "file_path": "./train/r_13",
            "rotation": 0.031415926535897934,
            "transform_matrix": [
                [
                    -0.6845470070838928,
                    0.5228167772293091,
                    -0.5079940557479858,
                    -2.0477898120880127
                ],
                [
                    -0.7289686799049377,
                    -0.4909575283527374,
                    0.47703808546066284,
                    1.9230021238327026
                ],
                [
                    0.0,
                    0.6968668103218079,
                    0.7172004580497742,
                    2.891127824783325
                ],
                [
                    0.0,
                    0.0,
                    0.0,
                    1.0
                ]
            ]
        },
        {
            "file_path": "./train/r_17",
            "rotation": 0.031415926535897934,
            "transform_matrix": [
                [
                    -0.4817534387111664,
                    0.6169499754905701,
                    -0.622323215007782,
                    -2.5086653232574463
                ],
                [
                    -0.8763067126274109,
                    -0.3391709327697754,
                    0.34212490916252136,
                    1.3791497945785522
                ],
                [
                    1.4901160305669237e-08,
                    0.7101660370826721,
                    0.704034149646759,
                    2.838052749633789
                ],
                [
                    0.0,
                    0.0,
                    0.0,
                    1.0
                ]
            ]
        },
        {
            "file_path": "./train/r_20",
            "rotation": 0.031415926535897934,
            "transform_matrix": [
                [
                    -0.30901676416397095,
                    0.6578409075737,
                    -0.6868434548377991,
                    -2.768754482269287
                ],
                [
                    -0.9510566592216492,
                    -0.21374528110027313,
                    0.2231687754392624,
                    0.8996220827102661
                ],
                [
                    0.0,
                    0.7221899032592773,
                    0.6916947960853577,
                    2.788311004638672
                ],
                [
                    0.0,
                    0.0,
                    0.0,
                    1.0
                ]
            ]
        },
        {
            "file_path": "./train/r_23",
            "rotation": 0.031415926535897934,
            "transform_matrix": [
                [
                    -0.12533289194107056,
                    0.67192143201828,
                    -0.7299404740333557,
                    -2.9424843788146973
                ],
                [
                    -0.992114782333374,
                    -0.0848831832408905,
                    0.09221266955137253,
                    0.37172117829322815
                ],
                [
                    -3.725290298461914e-09,
                    0.7357420921325684,
                    0.6772617697715759,
                    2.7301297187805176
                ],
                [
                    0.0,
                    0.0,
                    0.0,
                    1.0
                ]
            ]
        },
        {
            "file_path": "./train/r_27",
            "rotation": 0.031415926535897934,
            "transform_matrix": [
                [
                    0.12533369660377502,
                    0.6496580839157104,
                    -0.749823808670044,
                    -3.022636651992798
                ],
                [
                    -0.9921146631240845,
                    0.0820712074637413,
                    -0.0947251245379448,
                    -0.3818492293357849
                ],
                [
                    0.0,
                    0.7557835578918457,
                    0.6548214554786682,
                    2.639669895172119
                ],
                [
                    0.0,
                    0.0,
                    0.0,
                    1.0
                ]
            ]
        },
        {
            "file_path": "./train/r_30",
            "rotation": 0.031415926535897934,
            "transform_matrix": [
                [
                    0.30901747941970825,
                    0.6045553088188171,
                    -0.7341805100440979,
                    -2.959576368331909
                ],
                [
                    -0.9510563015937805,
                    0.19643229246139526,
                    -0.23855014145374298,
                    -0.9616263508796692
                ],
                [
                    0.0,
                    0.7719632387161255,
                    0.6356672048568726,
                    2.5624563694000244
                ],
                [
                    0.0,
                    0.0,
                    0.0,
                    1.0
                ]
            ]
        },
        {
            "file_path": "./train/r_33",
            "rotation": 0.031415926535897934,
            "transform_matrix": [
                [
                    0.4817541837692261,
                    0.5385887622833252,
                    -0.6912561655044556,
                    -2.7865428924560547
                ],
                [
                    -0.8763064742088318,
                    0.29609206318855286,
                    -0.3800218105316162,
                    -1.5319170951843262
                ],
                [
                    -1.4901161193847656e-08,
                    0.7888293862342834,
                    0.6146122217178345,
                    2.477581262588501
                ],
                [
                    0.0,
                    0.0,
                    0.0,
                    1.0
                ]
            ]
        },
        {
            "file_path": "./train/r_37",
            "rotation": 0.031415926535897934,
            "transform_matrix": [
                [
                    0.6845475435256958,
                    0.4255577623844147,
                    -0.591857373714447,
                    -2.3858535289764404
                ],
                [
                    -0.7289681434631348,
                    0.39962583780288696,
                    -0.5557917952537537,
                    -2.240468740463257
                ],
                [
                    -1.4901161193847656e-08,
                    0.8119112253189087,
                    0.583780825138092,
                    2.3532960414886475
                ],
                [
                    0.0,
                    0.0,
                    0.0,
                    1.0
                ]
            ]
        },
        {
            "file_path": "./train/r_40",
            "rotation": 0.031415926535897934,
            "transform_matrix": [
                [
                    0.8090173602104187,
                    0.3284419775009155,
                    -0.48745933175086975,
                    -1.9650115966796875
                ],
                [
                    -0.5877845883369446,
                    0.45206233859062195,
                    -0.6709312796592712,
                    -2.704610824584961
                ],
                [
                    0.0,
                    0.8293163180351257,
                    0.5587793588638306,
                    2.252511978149414
                ],
                [
                    0.0,
                    0.0,
                    0.0,
                    1.0
                ]
            ]
        },
        {
            "file_path": "./train/r_43",
            "rotation": 0.031415926535897934,
            "transform_matrix": [
                [
                    0.9048275351524353,
                    0.22667117416858673,
                    -0.36042678356170654,
                    -1.4529269933700562
                ],
                [
                    -0.42577850818634033,
                    0.48170191049575806,
                    -0.765947699546814,
                    -3.0876340866088867
                ],
                [
                    1.4901162970204496e-08,
                    0.8465124368667603,
                    0.5323687791824341,
                    2.146047353744507
                ],
                [
                    0.0,
                    0.0,
                    0.0,
                    1.0
                ]
            ]
        },
        {
            "file_path": "./train/r_47",
            "rotation": 0.031415926535897934,
            "transform_matrix": [
                [
                    0.9822872877120972,
                    0.09281624853610992,
                    -0.1627775877714157,
                    -0.6561774611473083
                ],
                [
                    -0.1873803436756134,
                    0.4865623712539673,
                    -0.8533145189285278,
                    -3.4398207664489746
                ],
                [
                    0.0,
                    0.8687013983726501,
                    0.49533605575561523,
                    1.9967634677886963
                ],
                [
                    0.0,
                    0.0,
                    0.0,
                    1.0
                ]
            ]
        },
        {
            "file_path": "./train/r_50",
            "rotation": 0.031415926535897934,
            "transform_matrix": [
                [
                    0.9999999403953552,
                    -4.856893838223186e-07,
                    9.208631013279955e-07,
                    3.7121180866961367e-06
                ],
                [
                    1.0410969935037429e-06,
                    0.4665168523788452,
                    -0.884512186050415,
                    -3.5655829906463623
                ],
                [
                    2.842170943040401e-14,
                    0.8845122456550598,
                    0.4665168523788452,
                    1.8805897235870361
                ],
                [
                    0.0,
                    0.0,
                    0.0,
                    1.0
                ]
            ]
        },
        {
            "file_path": "./train/r_53",
            "rotation": 0.031415926535897934,
            "transform_matrix": [
                [
                    0.9822869896888733,
                    -0.08190595358610153,
                    0.16853362321853638,
                    0.6793807744979858
                ],
                [
                    0.18738240003585815,
                    0.4293634593486786,
                    -0.8834788203239441,
                    -3.5614171028137207
                ],
                [
                    0.0,
                    0.8994100093841553,
                    0.43710583448410034,
                    1.762030005455017
                ],
                [
                    0.0,
                    0.0,
                    0.0,
                    1.0
                ]
            ]
        },
        {
            "file_path": "./train/r_57",
            "rotation": 0.031415926535897934,
            "transform_matrix": [
                [
                    0.9048265218734741,
                    -0.16924017667770386,
                    0.39070022106170654,
                    1.574963092803955
                ],
                [
                    0.42578038573265076,
                    0.3596525490283966,
                    -0.8302776217460632,
                    -3.346956491470337
                ],
                [
                    0.0,
                    0.9176097512245178,
                    0.39748233556747437,
                    1.6023026704788208
                ],
                [
                    0.0,
                    0.0,
                    0.0,
                    1.0
                ]
            ]
        },
        {
            "file_path": "./train/r_60",
            "rotation": 0.031415926535897934,
            "transform_matrix": [
                [
                    0.8090162873268127,
                    -0.21622391045093536,
                    0.5465710759162903,
                    2.203298568725586
                ],
                [
                    0.5877863168716431,
                    0.29760587215423584,
                    -0.7522885203361511,
                    -3.032572031021118
                ],
                [
                    0.0,
                    0.929880678653717,
                    0.36786139011383057,
                    1.4828966856002808
                ],
                [
                    0.0,
                    0.0,
                    0.0,
                    1.0
                ]
            ]
        },
        {
            "file_path": "./train/r_63",
            "rotation": 0.031415926535897934,
            "transform_matrix": [
                [
                    0.6845461130142212,
                    -0.24688589572906494,
                    0.6858891248703003,
                    2.7649075984954834
                ],
                [
                    0.7289695143699646,
                    0.23184068500995636,
                    -0.6440910696983337,
                    -2.596414089202881
                ],
                [
                    -1.4901159417490817e-08,
                    0.9409024119377136,
                    0.33867791295051575,
                    1.365254282951355
                ],
                [
                    0.0,
                    0.0,
                    0.0,
                    1.0
                ]
            ]
        },
        {
            "file_path": "./train/r_67",
            "rotation": 0.031415926535897934,
            "transform_matrix": [
                [
                    0.48175257444381714,
                    -0.26376858353614807,
                    0.8356676697731018,
                    3.3686842918395996
                ],
                [
                    0.8763073086738586,
                    0.14500756561756134,
                    -0.4594108462333679,
                    -1.8519444465637207
                ],
                [
                    1.4901161193847656e-08,
                    0.9536240696907043,
                    0.30100005865097046,
                    1.2133702039718628
                ],
                [
                    0.0,
                    0.0,
                    0.0,
                    1.0
                ]
            ]
        },
        {
            "file_path": "./train/r_70",
            "rotation": 0.031415926535897934,
            "transform_matrix": [
                [
                    0.3090157210826874,
                    -0.2606591582298279,
                    0.9146397709846497,
                    3.6870310306549072
                ],
                [
                    0.9510568976402283,
                    0.08469292521476746,
                    -0.29718315601348877,
                    -1.197983741760254
                ],
                [
                    0.0,
                    0.9617089033126831,
                    0.27407312393188477,
                    1.104824185371399
                ],
                [
                    0.0,
                    0.0,
                    0.0,
                    1.0
                ]
            ]
        },
        {
            "file_path": "./train/r_73",
            "rotation": 0.031415926535897934,
            "transform_matrix": [
                [
                    0.12533186376094818,
                    -0.24666087329387665,
                    0.9609631896018982,
                    3.8737666606903076
                ],
                [
                    0.9921149611473083,
                    0.03116016462445259,
                    -0.1213965192437172,
                    -0.4893650412559509
                ],
                [
                    0.0,
                    0.9686007499694824,
                    0.24862127006053925,
                    1.0022244453430176
                ],
                [
                    0.0,
                    0.0,
                    0.0,
                    1.0
                ]
            ]
        },
        {
            "file_path": "./train/r_77",
            "rotation": 0.031415926535897934,
            "transform_matrix": [
                [
                    -0.1253347247838974,
                    -0.2157496213912964,
                    0.9683714509010315,
                    3.903630256652832
                ],
                [
                    0.9921145439147949,
                    -0.027255844324827194,
                    0.12233523279428482,
                    0.4931491017341614
                ],
                [
                    1.862645371275562e-09,
                    0.9760681986808777,
                    0.21746443212032318,
                    0.8766271471977234
                ],
                [
                    0.0,
                    0.0,
                    0.0,
                    1.0
                ]
            ]
        },
        {
            "file_path": "./train/r_80",
            "rotation": 0.031415926535897934,
            "transform_matrix": [
                [
                    -0.30901849269866943,
                    -0.18689529597759247,
                    0.9325113892555237,
                    3.7590739727020264
                ],
                [
                    0.9510560035705566,
                    -0.060726288706064224,
                    0.30299293994903564,
                    1.22140371799469
                ],
                [
                    0.0,
                    0.980501115322113,
                    0.19651341438293457,
                    0.7921710014343262
                ],
                [
                    0.0,
                    0.0,
                    0.0,
                    1.0
                ]
            ]
        },
        {
            "file_path": "./train/r_83",
            "rotation": 0.031415926535897934,
            "transform_matrix": [
                [
                    -0.4817551076412201,
                    -0.15588465332984924,
                    0.862329363822937,
                    3.476160764694214
                ],
                [
                    0.876305878162384,
                    -0.08569864183664322,
                    0.4740714430809021,
                    1.9110430479049683
                ],
                [
                    -7.450580152834618e-09,
                    0.9840505719184875,
                    0.1778884083032608,
                    0.7170910835266113
                ],
                [
                    0.0,
                    0.0,
                    0.0,
                    1.0
                ]
            ]
        },
        {
            "file_path": "./train/r_87",
            "rotation": 0.031415926535897934,
            "transform_matrix": [
                [
                    -0.6845484375953674,
                    -0.11445745825767517,
                    0.719925582408905,
                    2.902113199234009
                ],
                [
                    0.7289674282073975,
                    -0.10748308897018433,
                    0.6760575175285339,
                    2.7252752780914307
                ],
                [
                    0.0,
                    0.9875965118408203,
                    0.15701310336589813,
                    0.6329401135444641
                ],
                [
                    0.0,
                    0.0,
                    0.0,
                    1.0
                ]
            ]
        },
        {
            "file_path": "./train/r_90",
            "rotation": 0.031415926535897934,
            "transform_matrix": [
                [
                    -0.8090180158615112,
                    -0.08495748788118362,
                    0.5816115736961365,
                    2.3445510864257812
                ],
                [
                    0.5877837538719177,
                    -0.1169343888759613,
                    0.8005226850509644,
                    3.2270100116729736
                ],
                [
                    -7.450580152834618e-09,
                    0.9894990921020508,
                    0.14453867077827454,
                    0.5826539993286133
                ],
                [
                    0.0,
                    0.0,
                    0.0,
                    1.0
                ]
            ]
        },
        {
            "file_path": "./train/r_93",
            "rotation": 0.031415926535897934,
            "transform_matrix": [
                [
                    -0.9048278331756592,
                    -0.05745357647538185,
                    0.42188337445259094,
                    1.7006664276123047
                ],
                [
                    0.4257775545120239,
                    -0.12209566682577133,
                    0.8965522646903992,
                    3.6141180992126465
                ],
                [
                    0.0,
                    0.990854024887085,
                    0.13493798673152924,
                    0.543952465057373
                ],
                [
                    0.0,
                    0.0,
                    0.0,
                    1.0
                ]
            ]
        },
        {
            "file_path": "./train/r_97",
            "rotation": 0.031415926535897934,
            "transform_matrix": [
                [
                    -0.9822877049446106,
                    -0.023754600435495377,
                    0.18586750328540802,
                    0.7492559552192688
                ],
                [
                    0.18737934529781342,
                    -0.12452734261751175,
                    0.9743622541427612,
                    3.9277801513671875
                ],
                [
                    0.0,
                    0.9919317960739136,
                    0.12677277624607086,
                    0.5110374689102173
                ],
                [
                    0.0,
                    0.0,
                    0.0,
                    1.0
                ]
            ]
        },
        {
            "file_path": "./train/r_100",
            "rotation": 0.031415926535897934,
            "transform_matrix": [
                [
                    -1.0,
                    2.5862118491204455e-07,
                    -2.0660704649344552e-06,
                    -8.328596777573694e-06
                ],
                [
                    -2.082194214381161e-06,
                    -0.12420610338449478,
                    0.9922564625740051,
                    3.9999136924743652
                ],
                [
                    -2.842170943040401e-14,
                    0.9922564029693604,
                    0.12420610338449478,
                    0.5006908178329468
                ],
                [
                    0.0,
                    0.0,
                    0.0,
                    1.0
                ]
            ]
        },
        {
            "file_path": "./train/r_103",
            "rotation": 0.031415926535897934,
            "transform_matrix": [
                [
                    -0.9822869300842285,
                    0.023370463401079178,
                    -0.1859203279018402,
                    -0.7494688034057617
                ],
                [
                    -0.18738344311714172,
                    -0.12251083552837372,
                    0.9746171236038208,
                    3.928807258605957
                ],
                [
                    -1.862645371275562e-09,
                    0.9921919703483582,
                    0.1247200071811676,
                    0.5027624368667603
                ],
                [
                    0.0,
                    0.0,
                    0.0,
                    1.0
                ]
            ]
        },
        {
            "file_path": "./train/r_107",
            "rotation": 0.031415926535897934,
            "transform_matrix": [
                [
                    -0.9048261046409607,
                    0.05542988330125809,
                    -0.4221578538417816,
                    -1.7017728090286255
                ],
                [
                    -0.42578136920928955,
                    -0.11779380589723587,
                    0.897125780582428,
                    3.6164300441741943
                ],
                [
                    -3.725290742551124e-09,
                    0.991489827632904,
                    0.1301838904619217,
                    0.5247880816459656
                ],
                [
                    0.0,
                    0.0,
                    0.0,
                    1.0
                ]
            ]
        },
        {
            "file_path": "./train/r_110",
            "rotation": 0.031415926535897934,
            "transform_matrix": [
                [
                    -0.8090156316757202,
                    0.08100425451993942,
                    -0.5821786522865295,
                    -2.3468375205993652
                ],
                [
                    -0.5877871513366699,
                    -0.11149223148822784,
                    0.8012961745262146,
                    3.230128526687622
                ],
                [
                    7.450580596923828e-09,
                    0.9904583692550659,
                    0.13781219720840454,
                    0.5555387735366821
                ],
                [
                    0.0,
                    0.0,
                    0.0,
                    1.0
                ]
            ]
        },
        {
            "file_path": "./train/r_113",
            "rotation": 0.031415926535897934,
            "transform_matrix": [
                [
                    -0.6845452785491943,
                    0.10816699266433716,
                    -0.7209004759788513,
                    -2.90604305267334
                ],
                [
                    -0.7289702892303467,
                    -0.10157506167888641,
                    0.6769672632217407,
                    2.728942632675171
                ],
                [
                    7.450580596923828e-09,
                    0.9889299273490906,
                    0.1483832448720932,
                    0.5981520414352417
                ],
                [
                    0.0,
                    0.0,
                    0.0,
                    1.0
                ]
            ]
        },
        {
            "file_path": "./train/r_117",
            "rotation": 0.031415926535897934,
            "transform_matrix": [
                [
                    -0.48175153136253357,
                    0.1462237387895584,
                    -0.8640220165252686,
                    -3.4829843044281006
                ],
                [
                    -0.8763079643249512,
                    -0.08038671314716339,
                    0.47499731183052063,
                    1.9147754907608032
                ],
                [
                    -7.450581485102248e-09,
                    0.9859799742698669,
                    0.16686342656612396,
                    0.6726480722427368
                ],
                [
                    0.0,
                    0.0,
                    0.0,
                    1.0
                ]
            ]
        },
        {
            "file_path": "./train/r_120",
            "rotation": 0.031415926535897934,
            "transform_matrix": [
                [
                    -0.30901458859443665,
                    0.17482852935791016,
                    -0.9348501563072205,
                    -3.7685017585754395
                ],
                [
                    -0.9510573744773865,
                    -0.05680473521351814,
                    0.30374857783317566,
                    1.2244497537612915
                ],
                [
                    3.725290742551124e-09,
                    0.9829588532447815,
                    0.18382541835308075,
                    0.7410240173339844
                ],
                [
                    0.0,
                    0.0,
                    0.0,
                    1.0
                ]
            ]
        },
        {
            "file_path": "./train/r_123",
            "rotation": 0.031415926535897934,
            "transform_matrix": [
                [
                    -0.1253305822610855,
                    0.20164668560028076,
                    -0.9714065790176392,
                    -3.915865421295166
                ],
                [
                    -0.9921150803565979,
                    -0.025473354384303093,
                    0.12271454930305481,
                    0.49467819929122925
                ],
                [
                    -1.862645149230957e-09,
                    0.9791269898414612,
                    0.20324929058551788,
                    0.8193241357803345
                ],
                [
                    0.0,
                    0.0,
                    0.0,
                    1.0
                ]
            ]
        },
        {
            "file_path": "./train/r_127",
            "rotation": 0.031415926535897934,
            "transform_matrix": [
                [
                    0.12533597648143768,
                    0.23077864944934845,
                    -0.964900016784668,
                    -3.889636516571045
                ],
                [
                    -0.9921143054962158,
                    0.02915477193892002,
                    -0.12189793586730957,
                    -0.4913863241672516
                ],
                [
                    0.0,
                    0.9725692868232727,
                    0.2326129525899887,
                    0.9376928806304932
                ],
                [
                    0.0,
                    0.0,
                    0.0,
                    1.0
                ]
            ]
        },
        {
            "file_path": "./train/r_130",
            "rotation": 0.031415926535897934,
            "transform_matrix": [
                [
                    0.3090192675590515,
                    0.2443486452102661,
                    -0.9191303849220276,
                    -3.7051334381103516
                ],
                [
                    -0.9510558247566223,
                    0.07939433306455612,
                    -0.2986459732055664,
                    -1.2038805484771729
                ],
                [
                    7.450580596923828e-09,
                    0.966431736946106,
                    0.25692352652549744,
                    1.0356919765472412
                ],
                [
                    0.0,
                    0.0,
                    0.0,
                    1.0
                ]
            ]
        },
        {
            "file_path": "./train/r_133",
            "rotation": 0.031415926535897934,
            "transform_matrix": [
                [
                    0.4817558228969574,
                    0.24790626764297485,
                    -0.8405080437660217,
                    -3.3881962299346924
                ],
                [
                    -0.8763054609298706,
                    0.13628841936588287,
                    -0.4620759189128876,
                    -1.8626874685287476
                ],
                [
                    7.4505797087454084e-09,
                    0.9591495394706726,
                    0.2828993499279022,
                    1.1404037475585938
                ],
                [
                    0.0,
                    0.0,
                    0.0,
                    1.0
                ]
            ]
        },
        {
            "file_path": "./train/r_137",
            "rotation": 0.031415926535897934,
            "transform_matrix": [
                [
                    0.6845489740371704,
                    0.23299503326416016,
                    -0.6907286047935486,
                    -2.7844159603118896
                ],
                [
                    -0.7289668321609497,
                    0.21879804134368896,
                    -0.6486406922340393,
                    -2.6147541999816895
                ],
                [
                    0.0,
                    0.9475446343421936,
                    0.3196236193180084,
                    1.2884440422058105
                ],
                [
                    0.0,
                    0.0,
                    0.0,
                    1.0
                ]
            ]
        },
        {
            "file_path": "./train/r_140",
            "rotation": 0.031415926535897934,
            "transform_matrix": [
                [
                    0.8090184926986694,
                    0.20474675297737122,
                    -0.5509697794914246,
                    -2.2210304737091064
                ],
                [
                    -0.5877830982208252,
                    0.28181129693984985,
                    -0.7583490610122681,
                    -3.0570030212402344
                ],
                [
                    0.0,
                    0.9373692274093628,
                    0.34833723306655884,
                    1.4041924476623535
                ],
                [
                    0.0,
                    0.0,
                    0.0,
                    1.0
                ]
            ]
        },
        {
            "file_path": "./train/r_143",
            "rotation": 0.031415926535897934,
            "transform_matrix": [
                [
                    0.9048281908035278,
                    0.16081689298152924,
                    -0.39423835277557373,
                    -1.5892254114151
                ],
                [
                    -0.425776869058609,
                    0.3417556881904602,
                    -0.8378049731254578,
                    -3.3772995471954346
                ],
                [
                    0.0,
                    0.9259271025657654,
                    0.3777023255825043,
                    1.522566556930542
                ],
                [
                    0.0,
                    0.0,
                    0.0,
                    1.0
                ]
            ]
        },
        {
            "file_path": "./train/r_147",
            "rotation": 0.031415926535897934,
            "transform_matrix": [
                [
                    0.9822878241539001,
                    0.07819582521915436,
                    -0.1702825278043747,
                    -0.686430811882019
                ],
                [
                    -0.18737855553627014,
                    0.40992307662963867,
                    -0.8926658630371094,
                    -3.5984511375427246
                ],
                [
                    -7.450580596923828e-09,
                    0.9087620377540588,
                    0.41731464862823486,
                    1.6822491884231567
                ],
                [
                    0.0,
                    0.0,
                    0.0,
                    1.0
                ]
            ]
        },
        {
            "file_path": "./train/r_150",
            "rotation": 0.031415926535897934,
            "transform_matrix": [
                [
                    1.0,
                    -1.2894154224341037e-06,
                    2.5806778012338327e-06,
                    1.0403045962448232e-05
                ],
                [
                    2.884872856157017e-06,
