{
    "camera_angle_x": 0.6911112070083618,
    "frames": [
        {
            "file_path": "./train/r_0",
            "rotation": 0.031415926535897934,
            "transform_matrix": [
                [
                    -0.9999999403953552,
                    0.0,
                    0.0,
                    0.0
                ],
                [
                    0.0,
                    -0.7341099977493286,
                    0.6790305972099304,
                    2.737260103225708
                ],
                [
                    0.0,
                    0.6790306568145752,
                    0.7341098785400391,
                    2.959291696548462
                ],
                [
                    0.0,
                    0.0,
                    0.0,
                    1.0
                ]
            ]
        },
        {
            "file_path": "./train/r_7",
            "rotation": 0.031415926535897934,
            "transform_matrix": [
                [
                    -0.9048271179199219,
                    0.3107704222202301,
                    -0.2910493314266205,
                    -1.1732574701309204
                ],
                [
                    -0.4257793426513672,
                    -0.6604207754135132,
                    0.6185113191604614,
                    2.4932990074157715
                ],
                [
                    0.0,
                    0.6835686564445496,
                    0.7298861742019653,
                    2.942265510559082
                ],
                [
                    0.0,
                    0.0,
                    0.0,
                    1.0
                ]
            ]
        },
        {
            "file_path": "./train/r_13",
            "rotation": 0.031415926535897934,
            "transform_matrix": [
                [
                    -0.6845470070838928,
                    0.5228167772293091,
                    -0.5079940557479858,
                    -2.0477898120880127
                ],
                [
                    -0.7289686799049377,
                    -0.4909575283527374,
                    0.47703808546066284,
                    1.9230021238327026
                ],
                [
                    0.0,
                    0.6968668103218079,
                    0.7172004580497742,
                    2.891127824783325
                ],
                [
                    0.0,
                    0.0,
                    0.0,
                    1.0
                ]
            ]
        },
        {
            "file_path": "./train/r_20",
            "rotation": 0.031415926535897934,
            "transform_matrix": [
                [
                    -0.30901676416397095,
                    0.6578409075737,
                    -0.6868434548377991,
                    -2.768754482269287
                ],
                [
                    -0.9510566592216492,
                    -0.21374528110027313,
                    0.2231687754392624,
                    0.8996220827102661
                ],
                [
                    0.0,
                    0.7221899032592773,
                    0.6916947960853577,
                    2.788311004638672
                ],
                [
                    0.0,
                    0.0,
                    0.0,
                    1.0
                ]
            ]
        },
        {
            "file_path": "./train/r_27",
            "rotation": 0.031415926535897934,
            "transform_matrix": [
                [
                    0.12533369660377502,
                    0.6496580839157104,
                    -0.749823808670044,
                    -3.022636651992798
                ],
                [
                    -0.9921146631240845,
                    0.0820712074637413,
                    -0.0947251245379448,
                    -0.3818492293357849
                ],
                [
                    0.0,
                    0.7557835578918457,
                    0.6548214554786682,
                    2.639669895172119
                ],
                [
                    0.0,
                    0.0,
                    0.0,
                    1.0
                ]
            ]
        },
        {
            "file_path": "./train/r_33",
            "rotation": 0.031415926535897934,
            "transform_matrix": [
                [
                    0.4817541837692261,
                    0.5385887622833252,
                    -0.6912561655044556,
                    -2.7865428924560547
                ],
                [
                    -0.8763064742088318,
                    0.29609206318855286,
                    -0.3800218105316162,
                    -1.5319170951843262
                ],
                [
                    -1.4901161193847656e-08,
                    0.7888293862342834,
                    0.6146122217178345,
                    2.477581262588501
                ],
                [
                    0.0,
                    0.0,
                    0.0,
                    1.0
                ]
            ]
        },
        {
            "file_path": "./train/r_40",
            "rotation": 0.031415926535897934,
            "transform_matrix": [
                [
                    0.8090173602104187,
                    0.3284419775009155,
                    -0.48745933175086975,
                    -1.9650115966796875
                ],
                [
                    -0.5877845883369446,
                    0.45206233859062195,
                    -0.6709312796592712,
                    -2.704610824584961
                ],
                [
                    0.0,
                    0.8293163180351257,
                    0.5587793588638306,
                    2.252511978149414
                ],
                [
                    0.0,
                    0.0,
                    0.0,
                    1.0
                ]
            ]
        },
        {
            "file_path": "./train/r_47",
            "rotation": 0.031415926535897934,
            "transform_matrix": [
                [
                    0.9822872877120972,
                    0.09281624853610992,
                    -0.1627775877714157,
                    -0.6561774611473083
                ],
                [
                    -0.1873803436756134,
                    0.4865623712539673,
                    -0.8533145189285278,
                    -3.4398207664489746
                ],
                [
                    0.0,
                    0.8687013983726501,
                    0.49533605575561523,
                    1.9967634677886963
                ],
                [
                    0.0,
                    0.0,
                    0.0,
                    1.0
                ]
            ]
        },
        {
            "file_path": "./train/r_53",
            "rotation": 0.031415926535897934,
            "transform_matrix": [
                [
                    0.9822869896888733,
                    -0.08190595358610153,
                    0.16853362321853638,
                    0.6793807744979858
                ],
                [
                    0.18738240003585815,
                    0.4293634593486786,
                    -0.8834788203239441,
                    -3.5614171028137207
                ],
                [
                    0.0,
                    0.8994100093841553,
                    0.43710583448410034,
                    1.762030005455017
                ],
                [
                    0.0,
                    0.0,
                    0.0,
                    1.0
                ]
            ]
        },
        {
            "file_path": "./train/r_60",
            "rotation": 0.031415926535897934,
            "transform_matrix": [
                [
                    0.8090162873268127,
                    -0.21622391045093536,
                    0.5465710759162903,
                    2.203298568725586
                ],
                [
                    0.5877863168716431,
                    0.29760587215423584,
                    -0.7522885203361511,
                    -3.032572031021118
                ],
                [
                    0.0,
                    0.929880678653717,
                    0.36786139011383057,
                    1.4828966856002808
                ],
                [
                    0.0,
                    0.0,
                    0.0,
                    1.0
                ]
            ]
        },
        {
            "file_path": "./train/r_67",
            "rotation": 0.031415926535897934,
            "transform_matrix": [
                [
                    0.48175257444381714,
                    -0.26376858353614807,
                    0.8356676697731018,
                    3.3686842918395996
                ],
                [
                    0.8763073086738586,
                    0.14500756561756134,
                    -0.4594108462333679,
                    -1.8519444465637207
                ],
                [
                    1.4901161193847656e-08,
                    0.9536240696907043,
                    0.30100005865097046,
                    1.2133702039718628
                ],
                [
                    0.0,
                    0.0,
                    0.0,
                    1.0
                ]
            ]
        },
        {
            "file_path": "./train/r_73",
            "rotation": 0.031415926535897934,
            "transform_matrix": [
                [
                    0.12533186376094818,
                    -0.24666087329387665,
                    0.9609631896018982,
                    3.8737666606903076
                ],
                [
                    0.9921149611473083,
                    0.03116016462445259,
                    -0.1213965192437172,
                    -0.4893650412559509
                ],
                [
                    0.0,
                    0.9686007499694824,
                    0.24862127006053925,
                    1.0022244453430176
                ],
                [
                    0.0,
                    0.0,
                    0.0,
                    1.0
                ]
            ]
        },
        {
            "file_path": "./train/r_80",
            "rotation": 0.031415926535897934,
            "transform_matrix": [
                [
                    -0.30901849269866943,
                    -0.18689529597759247,
                    0.9325113892555237,
                    3.7590739727020264
                ],
                [
                    0.9510560035705566,
                    -0.060726288706064224,
                    0.30299293994903564,
                    1.22140371799469
                ],
                [
                    0.0,
                    0.980501115322113,
                    0.19651341438293457,
                    0.7921710014343262
                ],
                [
                    0.0,
                    0.0,
                    0.0,
                    1.0
                ]
            ]
        },
        {
            "file_path": "./train/r_87",
            "rotation": 0.031415926535897934,
            "transform_matrix": [
                [
                    -0.6845484375953674,
                    -0.11445745825767517,
                    0.719925582408905,
                    2.902113199234009
                ],
                [
                    0.7289674282073975,
                    -0.10748308897018433,
                    0.6760575175285339,
                    2.7252752780914307
                ],
                [
                    0.0,
                    0.9875965118408203,
                    0.15701310336589813,
                    0.6329401135444641
                ],
                [
                    0.0,
                    0.0,
                    0.0,
                    1.0
                ]
            ]
        },
        {
            "file_path": "./train/r_93",
            "rotation": 0.031415926535897934,
            "transform_matrix": [
                [
                    -0.9048278331756592,
                    -0.05745357647538185,
                    0.42188337445259094,
                    1.7006664276123047
                ],
                [
                    0.4257775545120239,
                    -0.12209566682577133,
                    0.8965522646903992,
                    3.6141180992126465
                ],
                [
                    0.0,
                    0.990854024887085,
                    0.13493798673152924,
                    0.543952465057373
                ],
                [
                    0.0,
                    0.0,
                    0.0,
                    1.0
                ]
            ]
        },
        {
            "file_path": "./train/r_100",
            "rotation": 0.031415926535897934,
            "transform_matrix": [
                [
                    -1.0,
                    2.5862118491204455e-07,
                    -2.0660704649344552e-06,
                    -8.328596777573694e-06
                ],
                [
                    -2.082194214381161e-06,
                    -0.12420610338449478,
                    0.9922564625740051,
                    3.9999136924743652
                ],
                [
                    -2.842170943040401e-14,
                    0.9922564029693604,
                    0.12420610338449478,
                    0.5006908178329468
                ],
                [
                    0.0,
                    0.0,
                    0.0,
                    1.0
                ]
            ]
        },
        {
            "file_path": "./train/r_107",
            "rotation": 0.031415926535897934,
            "transform_matrix": [
                [
                    -0.9048261046409607,
                    0.05542988330125809,
                    -0.4221578538417816,
                    -1.7017728090286255
                ],
                [
                    -0.42578136920928955,
                    -0.11779380589723587,
                    0.897125780582428,
                    3.6164300441741943
                ],
                [
                    -3.725290742551124e-09,
                    0.991489827632904,
                    0.1301838904619217,
                    0.5247880816459656
                ],
                [
                    0.0,
                    0.0,
                    0.0,
                    1.0
                ]
            ]
        },
        {
            "file_path": "./train/r_113",
            "rotation": 0.031415926535897934,
            "transform_matrix": [
                [
                    -0.6845452785491943,
                    0.10816699266433716,
                    -0.7209004759788513,
                    -2.90604305267334
                ],
                [
                    -0.7289702892303467,
                    -0.10157506167888641,
                    0.6769672632217407,
                    2.728942632675171
                ],
                [
                    7.450580596923828e-09,
                    0.9889299273490906,
                    0.1483832448720932,
                    0.5981520414352417
                ],
                [
                    0.0,
                    0.0,
                    0.0,
                    1.0
                ]
            ]
        },
        {
            "file_path": "./train/r_120",
            "rotation": 0.031415926535897934,
            "transform_matrix": [
                [
                    -0.30901458859443665,
                    0.17482852935791016,
                    -0.9348501563072205,
                    -3.7685017585754395
                ],
                [
                    -0.9510573744773865,
                    -0.05680473521351814,
                    0.30374857783317566,
                    1.2244497537612915
                ],
                [
                    3.725290742551124e-09,
                    0.9829588532447815,
                    0.18382541835308075,
                    0.7410240173339844
                ],
                [
                    0.0,
                    0.0,
                    0.0,
                    1.0
                ]
            ]
        },
        {
            "file_path": "./train/r_127",
            "rotation": 0.031415926535897934,
            "transform_matrix": [
                [
                    0.12533597648143768,
                    0.23077864944934845,
                    -0.964900016784668,
                    -3.889636516571045
                ],
                [
                    -0.9921143054962158,
                    0.02915477193892002,
                    -0.12189793586730957,
                    -0.4913863241672516
                ],
                [
                    0.0,
                    0.9725692868232727,
                    0.2326129525899887,
                    0.9376928806304932
                ],
                [
                    0.0,
                    0.0,
                    0.0,
                    1.0
                ]
            ]
        },
        {
            "file_path": "./train/r_133",
            "rotation": 0.031415926535897934,
            "transform_matrix": [
                [
                    0.4817558228969574,
                    0.24790626764297485,
                    -0.8405080437660217,
                    -3.3881962299346924
                ],
                [
                    -0.8763054609298706,
                    0.13628841936588287,
                    -0.4620759189128876,
                    -1.8626874685287476
                ],
                [
                    7.4505797087454084e-09,
                    0.9591495394706726,
                    0.2828993499279022,
                    1.1404037475585938
                ],
                [
                    0.0,
                    0.0,
                    0.0,
                    1.0
                ]
            ]
        },
        {
            "file_path": "./train/r_140",
            "rotation": 0.031415926535897934,
            "transform_matrix": [
                [
                    0.8090184926986694,
                    0.20474675297737122,
                    -0.5509697794914246,
                    -2.2210304737091064
                ],
                [
                    -0.5877830982208252,
                    0.28181129693984985,
                    -0.7583490610122681,
                    -3.0570030212402344
                ],
                [
                    0.0,
                    0.9373692274093628,
                    0.34833723306655884,
                    1.4041924476623535
                ],
                [
                    0.0,
                    0.0,
                    0.0,
                    1.0
                ]
            ]
        },
        {
            "file_path": "./train/r_147",
            "rotation": 0.031415926535897934,
            "transform_matrix": [
                [
                    0.9822878241539001,
                    0.07819582521915436,
                    -0.1702825278043747,
                    -0.686430811882019
                ],
                [
                    -0.18737855553627014,
                    0.40992307662963867,
                    -0.8926658630371094,
                    -3.5984511375427246
                ],
                [
                    -7.450580596923828e-09,
                    0.9087620377540588,
                    0.41731464862823486,
                    1.6822491884231567
                ],
                [
                    0.0,
                    0.0,
                    0.0,
                    1.0
                ]
            ]
        },
        {
            "file_path": "./train/r_153",
            "rotation": 0.031415926535897934,
            "transform_matrix": [
                [
                    0.9822866320610046,
                    -0.08923294395208359,
                    0.1647735834121704,
                    0.6642235517501831
                ],
                [
                    0.1873842179775238,
                    0.4677678942680359,
                    -0.8637593984603882,
                    -3.4819254875183105
                ],
                [
                    0.0,
                    0.879335343837738,
                    0.4762030243873596,
                    1.9196357727050781
                ],
                [
                    0.0,
                    0.0,
                    0.0,
                    1.0
                ]
            ]
        },
        {
            "file_path": "./train/r_160",
            "rotation": 0.031415926535897934,
            "transform_matrix": [
                [
                    0.8090152144432068,
                    -0.31817907094955444,
                    0.49422311782836914,
                    1.9922771453857422
                ],
                [
                    0.5877877473831177,
                    0.4379331171512604,
                    -0.6802353262901306,
                    -2.7421162128448486
                ],
                [
                    -2.9802322387695312e-08,
                    0.8408190011978149,
                    0.5413163304328918,
                    2.1821160316467285
                ],
                [
                    0.0,
                    0.0,
                    0.0,
                    1.0
                ]
            ]
        },
        {
            "file_path": "./train/r_167",
            "rotation": 0.031415926535897934,
            "transform_matrix": [
                [
                    0.4817507266998291,
                    -0.5254117250442505,
                    0.7013263702392578,
                    2.827136993408203
                ],
                [
                    0.8763081431388855,
                    0.2888453006744385,
                    -0.38555440306663513,
                    -1.5542194843292236
                ],
                [
                    -2.9802318834981634e-08,
                    0.800319254398346,
                    0.5995740294456482,
                    2.4169602394104004
                ],
                [
                    0.0,
                    0.0,
                    0.0,
                    1.0
                ]
            ]
        },
        {
            "file_path": "./train/r_173",
            "rotation": 0.031415926535897934,
            "transform_matrix": [
                [
                    0.12532976269721985,
                    -0.6372037529945374,
                    0.7604367733001709,
                    3.065418243408203
                ],
                [
                    0.9921150803565979,
                    0.08049529790878296,
                    -0.09606281667947769,
                    -0.38724154233932495
                ],
                [
                    0.0,
                    0.7664802670478821,
                    0.6422678828239441,
                    2.589064359664917
                ],
                [
                    0.0,
                    0.0,
                    0.0,
                    1.0
                ]
            ]
        },
        {
            "file_path": "./train/r_180",
            "rotation": 0.031415926535897934,
            "transform_matrix": [
                [
                    -0.30902042984962463,
                    -0.648908793926239,
                    0.6952868700027466,
                    2.802791118621826
                ],
                [
                    0.9510553479194641,
                    -0.21084585785865784,
                    0.22591520845890045,
                    0.910693347454071
                ],
                [
                    -1.4901160305669237e-08,
                    0.7310687303543091,
                    0.682303786277771,
                    2.7504544258117676
                ],
                [
                    0.0,
                    0.0,
                    0.0,
                    1.0
                ]
            ]
        },
        {
            "file_path": "./train/r_187",
            "rotation": 0.031415926535897934,
            "transform_matrix": [
                [
                    -0.6845499277114868,
                    -0.5183589458465576,
                    0.5125381946563721,
                    2.0661075115203857
                ],
                [
                    0.7289659976959229,
                    -0.4867751896381378,
                    0.48130908608436584,
                    1.9402190446853638
                ],
                [
                    -1.4901161193847656e-08,
                    0.7031029462814331,
                    0.7110880017280579,
                    2.866487503051758
                ],
                [
                    0.0,
                    0.0,
                    0.0,
                    1.0
                ]
            ]
        },
        {
            "file_path": "./train/r_193",
            "rotation": 0.031415926535897934,
            "transform_matrix": [
                [
                    -0.9048287272453308,
                    -0.30936822295188904,
                    0.29253408312797546,
                    1.179242730140686
                ],
                [
                    0.4257756769657135,
                    -0.6574477553367615,
                    0.6216729879379272,
                    2.5060441493988037
                ],
                [
                    1.4901161193847656e-08,
                    0.6870615482330322,
                    0.7265990972518921,
                    2.9290149211883545
                ],
                [
                    0.0,
                    0.0,
                    0.0,
                    1.0
                ]
            ]
        }
    ]
}